Year,Marathon (Men),Basketball (Men),Basketball (Women),Cycling (Men),Fencing (Women Foil),Gymnastics (Women),Ice Hockey (Men),Rowing (Men Coxed 8),Swimming (Men 400m)
1900,2,0,0,0,0,0,0,0,0
1904,10,0,0,0,0,0,0,0,0
1906,11,0,0,0,0,0,0,0,3
1908,12,0,0,0,0,0,0,5,3
1912,26,0,0,0,0,0,0,2,1
1920,15,0,0,0,0,0,18,9,4
1924,16,0,0,3,1,0,10,8,2
1928,24,0,0,3,0,0,7,14,0
1932,17,0,0,1,0,0,12,9,0
1936,22,31,0,2,0,0,23,0,2
1948,14,39,0,5,8,0,20,1,1
1952,25,45,0,9,10,27,26,10,6
1956,26,59,0,22,15,34,74,23,11
1960,67,188,0,136,53,117,101,109,39
1964,63,189,0,123,39,83,198,117,48
1968,69,180,0,141,38,101,242,113,37
1972,71,189,0,156,44,113,208,132,41
1976,67,141,72,124,48,86,175,100,27
1980,69,140,72,108,33,62,231,81,27
1984,101,131,66,113,39,65,238,55,36
1988,106,140,93,126,45,90,264,90,46
1992,103,137,66,130,37,61,267,84,30
1994,0,0,0,0,0,0,266,0,0
1996,118,139,139,171,33,90,0,79,28
1998,0,0,0,0,0,0,306,0,0
2000,99,144,142,154,39,94,0,82,46
2002,0,0,0,0,0,0,312,0,0
2004,100,144,143,144,25,98,0,82,47
2006,0,0,0,0,0,0,282,0,0
2008,91,144,132,142,41,96,0,75,36
2010,0,0,0,0,0,0,260,0,0
2012,102,140,143,143,38,51,0,72,28
2014,0,0,0,0,0,0,285,0,0
2016,145,141,139,143,35,60,0,63,48
